94455.0
57505.0
20555.0
36840.0
53125.0
36840.0
53125.0
36840.0
53125.0
36840.0
53125.0
36840.0
53125.0
36840.0
53125.0
37570.5
22120.0
37622.5
22120.0
22068.0
22120.0
31815.0
41510.0
47317.5
53125.0
47317.5
41510.0
47317.5
41510.0
47317.5
41510.0
39168.5
41510.0
39168.5
41510.0
47317.5
41510.0
47317.5
41510.0
39168.5
41510.0
39168.5
36827.0
39168.5
36827.0
39168.5
36827.0
39168.5
41510.0
44245.5
46981.0
44245.5
41510.0
44245.5
41510.0
44245.5
46981.0
49140.0
51299.0
49140.0
46981.0
49140.0
51299.0
49140.0
46981.0
49140.0
46981.0
49140.0
48240.0
47610.5
46981.0
46412.0
45843.0
45663.5
45484.0
45663.5
45843.0
46412.0
46981.0
46412.0
45843.0
45663.5
45843.0
45663.5
45843.0
45663.5
45843.0
45663.5
45843.0
45663.5
45484.0
45327.0
45484.0
45327.0
45484.0
45327.0
45170.0
44585.5
45170.0
45327.0
45484.0
45327.0
45170.0
44585.5
45170.0
45327.0
45170.0
44585.5
44001.0
44585.5
45170.0
45327.0
45484.0
46232.5
45484.0
46232.5
46981.0
47300.5
46981.0
47300.5
46981.0
46412.0
45843.0
46412.0
46981.0
47300.5
47620.0
47300.5
46981.0
47300.5
47620.0
49459.5
47620.0
47300.5
46981.0
47300.5
47620.0
47300.5
46981.0
46412.0
45843.0
46412.0
46981.0
46412.0
46981.0
47300.5
47620.0
47930.0
47620.0
47312.5
47620.0
47930.0
48240.0
49769.5
48240.0
49769.5
51299.0
49769.5
51299.0
49769.5
51299.0
52212.0
51299.0
49459.5
47620.0
49459.5
47620.0
49459.5
51299.0
52212.0
53125.0
52474.0
53649.0
54555.0
47560.0
47930.0
48240.0
47930.0
47620.0
47930.0
47620.0
47930.0
48240.0
47930.0
48240.0
47930.0
48240.0
47930.0
48240.0
48633.5
49027.0
50163.0
51299.0
49525.5
49027.0
49525.5
50024.0
50661.5
51299.0
52474.0
53649.0
52569.0
53649.0
51399.5
51489.0
51399.5
51489.0
51399.5
51489.0
52425.0
51489.0
51399.5
51489.0
52425.0
53361.0
52425.0
51489.0
52425.0
53361.0
53505.0
53649.0
54281.0
54913.0
54944.5
54976.0
54944.5
54976.0
54944.5
54913.0
54281.0
53649.0
54281.0
54913.0
54267.5
53622.0
53491.5
53622.0
54299.0
53622.0
54267.5
54913.0
54267.5
54913.0
54267.5
54913.0
54944.5
54913.0
54944.5
54976.0
54299.0
53622.0
53491.5
53622.0
54396.0
55170.0
55377.0
55170.0
55377.0
55170.0
54396.0
53622.0
54396.0
53622.0
54396.0
53622.0
53491.5
53622.0
53491.5
53361.0
52463.5
53361.0
53491.5
53622.0
54299.0
53622.0
53491.5
53361.0
53491.5
53361.0
53491.5
53622.0
53931.0
54240.0
54608.0
54240.0
54608.0
54240.0
54608.0
54976.0
55073.0
54976.0
55073.0
54976.0
54608.0
54976.0
55073.0
55170.0
54147.5
55170.0
55315.5
55461.0
55522.5
55584.0
55522.5
55461.0
55522.5
55461.0
55522.5
55461.0
55522.5
55584.0
55522.5
55461.0
55522.5
55461.0
55522.5
55461.0
55522.5
55461.0
55522.5
55461.0
55522.5
55584.0
55522.5
55584.0
55688.0
55792.0
55708.5
55584.0
55708.5
55584.0
55522.5
55584.0
55708.5
55584.0
55522.5
55584.0
55708.5
53649.0
54850.5
54240.0
54312.5
54976.0
55218.5
54976.0
55315.5
55170.0
55073.0
55170.0
55073.0
55170.0
55073.0
55170.0
55315.5
55170.0
55315.5
55170.0
55073.0
55170.0
55315.5
55461.0
55315.5
55170.0
54411.0
53652.0
54307.5
54963.0
54307.5
53652.0
53637.0
53652.0
54307.5
53652.0
53637.0
53652.0
54307.5
53652.0
53637.0
53622.0
51428.0
53622.0
54267.5
53622.0
52253.5
53622.0
52253.5
50885.0
50059.5
50885.0
51187.0
51489.0
51187.0
50885.0
50442.0
49999.0
49637.5
49999.0
50442.0
54240.0
52569.0
51489.0
50744.0
49999.0
52425.0
53361.0
53491.5
53622.0
53491.5
53361.0
52425.0
51489.0
50849.5
50210.0
52307.0
51566.0
51527.5
51489.0
51527.5
51489.0
51187.0
50885.0
50442.0
49999.0
50744.0
51489.0
50744.0
51489.0
50744.0
49999.0
50382.5
51489.0
51527.5
51489.0
50382.5
49276.0
52570.5
53652.0
51567.0
51566.0
51527.5
51566.0
51570.5
51573.0
51570.5
51573.0
51570.5
51573.0
51570.5
51568.0
51567.0
51568.0
51792.5
52017.0
52392.0
51573.0
51569.5
51573.0
51570.5
51573.0
51795.0
51573.0
51795.0
51573.0
51795.0
52017.0
51795.0
52017.0
52392.0
52017.0
51792.5
52017.0
51795.0
52017.0
51795.0
51573.0
51795.0
51573.0
51570.5
51568.0
51570.5
51568.0
51570.5
51568.0
51570.5
51568.0
51570.5
51568.0
51570.5
51568.0
51567.0
51568.0
51792.5
51568.0
51528.5
51568.0
51570.5
51568.0
51567.0
51568.0
51792.5
52017.0
52392.0
51573.0
51569.5
51573.0
52170.0
51573.0
51570.5
51573.0
51570.5
51568.0
51567.0
51566.0
51567.0
51568.0
51567.0
51568.0
51567.0
51566.0
51306.5
51566.0
51306.5
51047.0
51527.5
51489.0
51527.5
51566.0
51567.0
51566.0
51567.0
51568.0
51570.5
51568.0
51570.5
51573.0
51570.5
51573.0
52144.5
52716.0
51795.0
51573.0
51795.0
52017.0
52366.5
52716.0
53184.0
53652.0
52741.5
52716.0
52366.5
52017.0
51795.0
51573.0
51570.5
51573.0
51795.0
51573.0
51570.5
51573.0
51570.5
51568.0
51570.5
51573.0
51611.5
51650.0
51611.5
51650.0
51833.5
52017.0
52392.0
52017.0
51833.5
52017.0
51833.5
52017.0
51833.5
52017.0
52366.5
52716.0
52366.5
52017.0
51833.5
51650.0
51833.5
52017.0
51833.5
52017.0
52366.5
52716.0
52741.5
52767.0
53064.0
52767.0
52741.5
52767.0
52741.5
52716.0
52183.0
52716.0
52183.0
51650.0
51611.5
51650.0
52183.0
51650.0
52366.5
52017.0
51833.5
51650.0
51611.5
51573.0
51570.5
51568.0
51570.5
51568.0
51567.0
51566.0
51567.0
51566.0
51306.5
51047.0
51306.5
51566.0
51567.0
51568.0
51567.0
51566.0
51306.5
51047.0
51044.5
51047.0
51044.5
51042.0
50159.0
49276.0
50159.0
49276.0
50138.0
49234.0
51170.5
51042.0
51170.5
51299.0
51394.0
51489.0
51531.0
51573.0
51531.0
51573.0
51608.0
51566.0
51527.5
51566.0
51527.5
51489.0
51527.5
51566.0
51527.5
51566.0
51527.5
51566.0
51527.5
51566.0
51527.5
51489.0
51394.0
51299.0
51215.0
51131.0
51086.5
51131.0
51086.5
51131.0
51215.0
51299.0
51394.0
51489.0
51527.5
51489.0
51527.5
51566.0
51527.5
51489.0
51394.0
51489.0
51394.0
51489.0
51527.5
51566.0
51567.0
51566.0
51567.0
51566.0
51567.0
51568.0
51567.0
51568.0
51567.0
51568.0
51567.0
51566.0
51527.5
51566.0
51567.0
51566.0
51527.5
51489.0
51394.0
51299.0
50809.0
50319.0
50809.0
51299.0
51215.0
51131.0
51215.0
51131.0
50725.0
50319.0
49910.0
50319.0
50725.0
50319.0
49910.0
51042.0
51086.5
51042.0
51086.5
51042.0
50680.5
50319.0
50725.0
51131.0
50948.5
51131.0
51215.0
51131.0
51215.0
51299.0
51215.0
51299.0
51215.0
51131.0
50948.5
50766.0
50542.5
50319.0
50542.5
50319.0
50159.0
49999.0
48502.0
47005.0
49935.0
48823.0
50050.0
49999.0
49548.0
49999.0
50050.0
49999.0
50159.0
49999.0
49548.0
49097.0
50520.5
51042.0
49910.0
50319.0
50880.0
51441.0
50899.0
50766.0
50899.0
51032.0
51037.0
51032.0
51037.0
51042.0
51044.5
51047.0
51044.5
51042.0
51044.5
51042.0
51037.0
51042.0
51037.0
51032.0
50899.0
50766.0
50382.5
49999.0
50542.5
50319.0
50159.0
49999.0
49864.0
49729.0
49615.0
49501.0
49494.0
49501.0
49615.0
49729.0
49864.0
49999.0
49864.0
49729.0
49615.0
49729.0
49615.0
49729.0
50024.0
49729.0
50024.0
49729.0
49615.0
49501.0
49494.0
49487.0
49608.0
49487.0
49295.5
48862.0
49481.5
49234.0
50519.5
49729.0
50433.5
50101.0
50433.5
50766.0
50433.5
50766.0
50899.0
51032.0
50899.0
50766.0
50899.0
51032.0
50899.0
50766.0
50899.0
50766.0
50899.0
50766.0
50542.5
50766.0
50542.5
50319.0
50542.5
50766.0
50899.0
51032.0
50899.0
50766.0
50899.0
50766.0
50542.5
50319.0
50210.0
50101.0
49794.0
49487.0
49915.0
49729.0
49608.0
49729.0
49915.0
49729.0
49915.0
49729.0
49893.5
49729.0
49772.5
49487.0
49542.5
50142.0
50079.5
50101.0
50121.5
50101.0
50121.5
50101.0
50121.5
50101.0
50121.5
50101.0
50079.5
50058.0
50079.5
50101.0
50079.5
50058.0
49542.5
49027.0
49542.5
50058.0
50079.5
50058.0
50079.5
50101.0
50079.5
50058.0
50079.5
50058.0
50100.0
50142.0
50587.0
50142.0
50230.5
50319.0
50230.5
50142.0
50100.0
50058.0
49577.5
49097.0
50070.5
49999.0
49548.0
49097.0
49062.0
49027.0
49542.5
49027.0
49513.0
49027.0
49377.0
50319.0
49406.5
50058.0
49406.5
50058.0
49406.5
48755.0
49406.5
48755.0
48702.0
48649.0
48134.5
48649.0
48159.0
48649.0
49353.5
48649.0
48839.0
50058.0
50100.0
50058.0
48839.0
50058.0
50188.5
50058.0
50100.0
50058.0
50100.0
50142.0
50230.5
50319.0
50677.0
50319.0
50188.5
50319.0
50230.5
50319.0
50675.5
50319.0
50675.5
51032.0
51033.5
51032.0
50587.0
51032.0
51755.0
52478.0
51033.5
51035.0
51262.0
51035.0
50677.0
51035.0
51033.5
51035.0
51033.5
51032.0
50675.5
50319.0
50188.5
50058.0
50843.5
51368.0
51033.5
51035.0
51038.5
51035.0
51038.5
51035.0
51038.5
