94455.0
57505.0
20555.0
36840.0
53125.0
36840.0
53125.0
36840.0
53125.0
36840.0
53125.0
36840.0
53125.0
36840.0
53125.0
37570.5
22120.0
37622.5
22120.0
22068.0
22120.0
31815.0
41510.0
47317.5
53125.0
47317.5
41510.0
47317.5
41510.0
47317.5
41510.0
39168.5
41510.0
39168.5
41510.0
47317.5
41510.0
47317.5
41510.0
39168.5
41510.0
39168.5
36827.0
39168.5
36827.0
39168.5
36827.0
39168.5
41510.0
44245.5
46981.0
44245.5
41510.0
44245.5
41510.0
44245.5
46981.0
49140.0
51299.0
49140.0
46981.0
49140.0
51299.0
49140.0
46981.0
49140.0
46981.0
49140.0
48240.0
47610.5
46981.0
46412.0
45843.0
45663.5
45484.0
45663.5
45843.0
46412.0
46981.0
46412.0
45843.0
45663.5
45843.0
45663.5
45843.0
45663.5
45843.0
45663.5
45843.0
45663.5
45484.0
45327.0
45484.0
45327.0
45484.0
45327.0
45170.0
44585.5
45170.0
45327.0
45484.0
45327.0
45170.0
44585.5
45170.0
45327.0
45170.0
44585.5
44001.0
44585.5
45170.0
45327.0
45484.0
45663.5
45484.0
45663.5
45843.0
46701.5
45843.0
46701.5
45843.0
46412.0
45843.0
46412.0
46981.0
47270.5
47560.0
47270.5
46981.0
47270.5
47560.0
47590.0
47560.0
47270.5
46981.0
47270.5
47560.0
47270.5
46981.0
46232.5
45484.0
46232.5
46981.0
46232.5
46981.0
47270.5
47560.0
47590.0
47560.0
47282.5
47560.0
47590.0
47620.0
47930.0
47620.0
47930.0
48240.0
47930.0
48240.0
47930.0
47620.0
47930.0
47620.0
47590.0
47560.0
47590.0
47560.0
47590.0
47620.0
47930.0
48240.0
47930.0
48240.0
49132.0
48240.0
47930.0
48240.0
47930.0
47620.0
47930.0
47620.0
47930.0
48240.0
47930.0
48240.0
47930.0
48240.0
47930.0
48240.0
48633.5
49027.0
49525.5
50024.0
49525.5
49027.0
49525.5
50024.0
50661.5
51299.0
51304.5
51310.0
51399.5
51489.0
51399.5
51489.0
51399.5
51489.0
51399.5
51489.0
52425.0
51489.0
51399.5
51489.0
52425.0
53361.0
52569.0
51489.0
52569.0
53649.0
54281.0
54913.0
54944.5
54976.0
55459.0
55942.0
55578.5
56181.0
55578.5
54913.0
54267.5
53622.0
54281.0
53649.0
53635.5
53622.0
52555.5
53622.0
53635.5
53622.0
53635.5
53649.0
53635.5
53649.0
53635.5
53649.0
54281.0
53649.0
54281.0
53649.0
53635.5
53622.0
53373.5
53622.0
53635.5
53649.0
54281.0
53649.0
54281.0
53649.0
53635.5
53622.0
53635.5
53622.0
53635.5
53622.0
53373.5
53622.0
53373.5
53125.0
52345.5
53125.0
53373.5
53622.0
53635.5
53622.0
53373.5
53125.0
53373.5
53125.0
53373.5
53622.0
53635.5
53649.0
53944.5
53649.0
53944.5
53649.0
53944.5
54240.0
54850.5
54240.0
54576.5
54240.0
53944.5
54240.0
54576.5
54240.0
54576.5
54913.0
55187.0
55461.0
54944.5
54976.0
55218.5
54976.0
55218.5
54976.0
55218.5
54976.0
55218.5
55461.0
55218.5
54976.0
55218.5
54976.0
55218.5
54976.0
55218.5
54976.0
55218.5
54976.0
55218.5
55461.0
55218.5
55461.0
55626.5
55792.0
55626.5
55461.0
55626.5
55461.0
55218.5
55461.0
55626.5
55461.0
55218.5
55461.0
55626.5
55461.0
55218.5
54976.0
54312.5
54976.0
55218.5
54976.0
55218.5
54976.0
54608.0
54976.0
54608.0
54976.0
54608.0
54976.0
55218.5
54976.0
55218.5
54976.0
54608.0
54240.0
54608.0
54976.0
54608.0
54240.0
53946.0
53652.0
53946.0
54240.0
53946.0
53652.0
53650.5
54913.0
54576.5
54240.0
53946.0
54240.0
54576.5
54240.0
53946.0
54240.0
53946.0
54240.0
54576.5
54240.0
53946.0
54240.0
53946.0
53652.0
53650.5
53652.0
53650.5
53652.0
53650.5
53649.0
53505.0
53361.0
53243.0
53361.0
53635.5
53649.0
53635.5
53622.0
53491.5
53361.0
53491.5
53622.0
53635.5
53649.0
53635.5
53622.0
53491.5
53361.0
53243.0
53125.0
52246.5
52017.0
51692.5
51368.0
51692.5
51368.0
51333.5
51299.0
50266.5
51310.0
51339.0
51368.0
51339.0
51368.0
51404.5
51368.0
51404.5
51489.0
51753.0
51489.0
51465.0
51441.0
51465.0
51489.0
51531.0
51489.0
51465.0
51441.0
51507.0
51573.0
51507.0
51573.0
51507.0
51573.0
51507.0
51441.0
51404.5
51441.0
51507.0
51573.0
51795.0
51573.0
51470.5
51573.0
51507.0
51573.0
51795.0
51573.0
51795.0
51573.0
51795.0
52017.0
51795.0
52017.0
52392.0
52017.0
51729.0
52017.0
51795.0
52017.0
51795.0
51573.0
51795.0
51573.0
51569.5
51566.0
51569.5
51566.0
51569.5
51566.0
51569.5
51566.0
51569.5
51566.0
51569.5
51566.0
51503.5
51566.0
51569.5
51566.0
51467.0
51566.0
51569.5
51566.0
51503.5
51566.0
51569.5
51573.0
51795.0
51573.0
51531.0
51573.0
51795.0
51573.0
51569.5
51573.0
51569.5
51566.0
51527.5
51489.0
51527.5
51566.0
51527.5
51566.0
51527.5
51489.0
51465.0
51489.0
51465.0
51441.0
51465.0
51441.0
51465.0
51489.0
51527.5
51489.0
51527.5
51566.0
51569.5
51566.0
51569.5
51573.0
51569.5
51573.0
51795.0
52017.0
51795.0
51573.0
51795.0
52017.0
52366.5
52716.0
52920.5
53125.0
52920.5
52716.0
52366.5
52017.0
51795.0
51573.0
51569.5
51573.0
51795.0
51573.0
51569.5
51573.0
51569.5
51566.0
51569.5
51573.0
51611.5
51650.0
51611.5
51650.0
51833.5
52017.0
52366.5
52017.0
51833.5
52017.0
51833.5
52017.0
51833.5
52017.0
52366.5
52716.0
52366.5
52017.0
51833.5
51650.0
51833.5
52017.0
51833.5
52017.0
52366.5
52716.0
52920.5
53125.0
52994.0
52863.0
52789.5
52863.0
52789.5
52716.0
52366.5
52716.0
52366.5
52017.0
51833.5
52017.0
52366.5
52017.0
52366.5
52017.0
51833.5
51650.0
51608.0
51566.0
51304.0
51042.0
51304.0
51042.0
50520.5
49999.0
50520.5
49999.0
49616.5
49234.0
49616.5
49999.0
50520.5
49999.0
50786.0
49234.0
50133.0
50210.0
50849.5
51489.0
47720.5
44409.0
47925.0
51368.0
51404.5
51368.0
51404.5
51368.0
51333.5
51299.0
51333.5
51368.0
51404.5
51441.0
51465.0
51489.0
51465.0
51489.0
51527.5
51489.0
51465.0
51489.0
51465.0
51441.0
51465.0
51489.0
51465.0
51489.0
51465.0
51489.0
51465.0
51441.0
51404.5
51368.0
51468.0
51368.0
51333.5
51299.0
51215.0
51299.0
51215.0
51299.0
51333.5
51299.0
51370.0
51441.0
51503.5
51441.0
51503.5
51566.0
51503.5
51441.0
51370.0
51441.0
51370.0
51299.0
51432.5
51566.0
51567.0
51566.0
51567.0
51566.0
51567.0
51568.0
51567.0
51568.0
51567.0
51568.0
51567.0
51566.0
51432.5
51566.0
51567.0
51566.0
51432.5
51299.0
51370.0
51489.0
51286.0
51131.0
51286.0
51441.0
51404.5
51368.0
51404.5
51368.0
51249.5
51131.0
50616.0
51131.0
51333.5
51299.0
51215.0
51131.0
51249.5
51131.0
51249.5
51131.0
51086.5
51131.0
51249.5
51368.0
51249.5
51368.0
51404.5
51368.0
51404.5
51441.0
51404.5
51441.0
51404.5
51368.0
51249.5
51131.0
51086.5
51042.0
51086.5
51042.0
51037.0
51032.0
50899.0
50766.0
50825.5
50766.0
50825.5
50766.0
50488.0
50766.0
50825.5
50885.0
50958.5
50885.0
50825.5
50766.0
50825.5
50885.0
50825.5
50885.0
50825.5
50885.0
50825.5
50766.0
50825.5
50885.0
50958.5
50885.0
50958.5
51032.0
51037.0
51032.0
50958.5
50885.0
50958.5
51032.0
50958.5
51032.0
50958.5
50885.0
50825.5
50766.0
50443.0
50120.0
50443.0
50120.0
49607.0
49094.0
49060.5
49027.0
46959.5
44892.0
47551.0
50210.0
49618.0
50142.0
50131.0
50120.0
50072.0
50120.0
50072.0
50024.0
49952.5
50024.0
50117.0
50024.0
50155.5
50210.0
50155.5
50101.0
50062.5
50101.0
50155.5
50101.0
50155.5
50101.0
50155.5
50101.0
50155.5
50101.0
50155.5
50101.0
50155.5
50210.0
50155.5
50210.0
50488.0
50766.0
50488.0
50210.0
50488.0
50766.0
50488.0
50210.0
50488.0
50210.0
50488.0
50210.0
50155.5
50210.0
50155.5
50101.0
50488.0
50766.0
50825.5
50885.0
50825.5
50766.0
50825.5
50766.0
50488.0
50210.0
50155.5
50101.0
50062.5
50024.0
50062.5
50024.0
50535.5
51047.0
50117.0
50024.0
50117.0
50024.0
50041.0
50024.0
50041.0
50024.0
50041.0
50024.0
49952.5
50024.0
50117.0
50024.0
50117.0
50024.0
50165.0
50120.0
50165.0
50120.0
50072.0
50024.0
50072.0
50120.0
50072.0
50024.0
50011.5
49999.0
50011.5
49999.0
50104.5
49999.0
50104.5
50210.0
50059.5
49999.0
50059.5
50120.0
50443.0
50766.0
50825.5
50210.0
50488.0
50766.0
50488.0
50210.0
50165.0
50120.0
50059.5
49999.0
49864.0
49729.0
49805.0
49729.0
49615.0
49501.0
49691.0
49501.0
49691.0
49501.0
49691.0
49881.0
49691.0
49501.0
49494.0
49501.0
49494.0
49487.0
49494.0
49487.0
48877.5
48268.0
49783.5
51299.0
48660.5
49501.0
50011.5
49999.0
50011.5
49999.0
50515.5
49999.0
49750.0
49999.0
50059.5
49999.0
50059.5
49999.0
50059.5
49999.0
50515.5
51032.0
51165.5
51032.0
50266.5
51032.0
50515.5
51032.0
51033.5
51032.0
51033.5
51035.0
51041.0
51035.0
50517.0
51035.0
51041.0
51047.0
51041.0
51047.0
51089.0
51032.0
50628.5
51047.0
51041.0
51047.0
50960.0
50885.0
50547.5
50210.0
49743.0
49276.0
49743.0
49501.0
50266.5
51032.0
51033.5
50885.0
50958.5
50885.0
50958.5
